0 1 0 0 0 0 0 0 1 0 0 0 0 0 0 
0.01 0.999998 -4.07072e-06 0.00115179 0.00146312 -7.40218e-05 4.80403e-05 0.000480353 0.999998 -4.07072e-06 0.00115179 0.00146312 -7.40218e-05 4.80403e-05 0.000480353 
0.02 0.999993 -1.62823e-05 0.00230345 0.00292625 -0.000296086 0.000190306 0.00190603 0.999993 -1.62823e-05 0.00230345 0.00292625 -0.000296086 0.000190306 0.00190603 
0.03 0.999984 -3.66327e-05 0.00345485 0.00438943 -0.000666192 0.000423089 0.00424628 0.999984 -3.66327e-05 0.00345485 0.00438943 -0.000666192 0.000423089 0.00424628 
0.04 0.999972 -6.5119e-05 0.00460586 0.00585266 -0.00118434 0.000742687 0.00747042 0.999972 -6.5119e-05 0.00460586 0.00585266 -0.00118434 0.000742687 0.00747042 
0.05 0.999957 -0.000101737 0.00575635 0.00731597 -0.00185051 0.00114541 0.0115479 0.999957 -0.000101737 0.00575635 0.00731597 -0.00185051 0.00114541 0.0115479 
0.06 0.999938 -0.00014648 0.00690618 0.00877938 -0.00266471 0.00162757 0.0164481 0.999938 -0.00014648 0.00690618 0.00877938 -0.00266471 0.00162757 0.0164481 
0.07 0.999915 -0.000199342 0.00805523 0.0102429 -0.00362693 0.00218551 0.0221409 0.999915 -0.000199342 0.00805523 0.0102429 -0.00362693 0.00218551 0.0221409 
0.08 0.999889 -0.000260315 0.00920336 0.0117066 -0.00473716 0.00281557 0.028596 0.999889 -0.000260315 0.00920336 0.0117066 -0.00473716 0.00281557 0.028596 
0.09 0.99986 -0.00032939 0.0103504 0.0131704 -0.00599538 0.00351414 0.0357836 0.99986 -0.00032939 0.0103504 0.0131704 -0.00599538 0.00351414 0.0357836 
0.1 0.999827 -0.000406555 0.0114964 0.0146344 -0.00740159 0.00427762 0.0436739 0.999827 -0.000406555 0.0114964 0.0146344 -0.00740159 0.00427762 0.0436739 
0 1 0 0 0 0 0 0 1 0 0 0 0 0 0 
0.01 0.999998 -8.53259e-05 0.00114549 0.00146395 -8.06345e-05 3.17694e-05 0.000327593 0.999998 -8.53259e-05 0.00114549 0.00146395 -8.06345e-05 3.17694e-05 0.000327593 
0.02 0.999993 -0.000178741 0.0022897 0.00292808 -0.000322249 0.000125321 0.00129589 0.999993 -0.000178741 0.0022897 0.00292808 -0.000322249 0.000125321 0.00129589 
0.03 0.999984 -0.000280233 0.0034325 0.00439239 -0.000724266 0.000277157 0.00287612 0.999984 -0.000280233 0.0034325 0.00439239 -0.000724266 0.000277157 0.00287612 
0.04 0.999972 -0.000389789 0.00457377 0.00585691 -0.00128612 0.000483818 0.00503983 0.999972 -0.000389789 0.00457377 0.00585691 -0.00128612 0.000483818 0.00503983 
0.05 0.999957 -0.000507393 0.00571338 0.00732166 -0.00200724 0.00074188 0.007759 0.999957 -0.000507393 0.00571338 0.00732166 -0.00200724 0.00074188 0.007759 
0.06 0.999938 -0.00063303 0.00685119 0.00878666 -0.00288707 0.00104796 0.011006 0.999938 -0.00063303 0.00685119 0.00878666 -0.00288707 0.00104796 0.011006 
0.07 0.999915 -0.000766682 0.00798708 0.0102519 -0.00392506 0.00139873 0.0147536 0.999915 -0.000766682 0.00798708 0.0102519 -0.00392506 0.00139873 0.0147536 
0.08 0.999889 -0.000908332 0.00912092 0.0117175 -0.00512067 0.00179088 0.0189751 0.999889 -0.000908332 0.00912092 0.0117175 -0.00512067 0.00179088 0.0189751 
0.09 0.99986 -0.00105796 0.0102526 0.0131833 -0.00647337 0.00222119 0.0236443 0.99986 -0.00105796 0.0102526 0.0131833 -0.00647337 0.00222119 0.0236443 
0.1 0.999827 -0.00121554 0.0113819 0.0146495 -0.00798263 0.00268646 0.0287354 0.999827 -0.00121554 0.0113819 0.0146495 -0.00798263 0.00268646 0.0287354 
0 1 0 0 0 0 0 0 1 0 0 0 0 0 0 
0.01 0.999998 -0.000165716 0.00112778 0.00146627 -8.1779e-05 1.70104e-05 0.000190392 0.999998 -0.000165716 0.00112778 0.00146627 -8.1779e-05 1.70104e-05 0.000190392 
0.02 0.999993 -0.000339387 0.00225314 0.00293286 -0.000326634 6.65358e-05 0.00074942 0.999993 -0.000339387 0.00225314 0.00293286 -0.000326634 6.65358e-05 0.00074942 
0.03 0.999984 -0.000520992 0.00337597 0.00439979 -0.000733611 0.000145594 0.00165309 0.999984 -0.000520992 0.00337597 0.00439979 -0.000733611 0.000145594 0.00165309 
0.04 0.999972 -0.000710506 0.00449614 0.00586706 -0.00130178 0.000251265 0.00287802 0.999972 -0.000710506 0.00449614 0.00586706 -0.00130178 0.000251265 0.00287802 
0.05 0.999957 -0.000907904 0.00561352 0.00733471 -0.00203023 0.00038069 0.00440147 0.999957 -0.000907904 0.00561352 0.00733471 -0.00203023 0.00038069 0.00440147 
0.06 0.999938 -0.00111316 0.00672798 0.00880274 -0.00291809 0.000531077 0.00620137 0.999938 -0.00111316 0.00672798 0.00880274 -0.00291809 0.000531077 0.00620137 
0.07 0.999916 -0.00132625 0.0078394 0.0102712 -0.0039645 0.000699699 0.00825632 0.999916 -0.00132625 0.0078394 0.0102712 -0.0039645 0.000699699 0.00825632 
0.08 0.99989 -0.00154714 0.00894765 0.01174 -0.00516863 0.000883902 0.0105457 0.99989 -0.00154714 0.00894765 0.01174 -0.00516863 0.000883902 0.0105457 
0.09 0.999861 -0.0017758 0.0100526 0.0132093 -0.00652968 0.0010811 0.0130494 0.999861 -0.0017758 0.0100526 0.0132093 -0.00652968 0.0010811 0.0130494 
0.1 0.999828 -0.0020122 0.0111541 0.0146791 -0.00804687 0.00128878 0.0157483 0.999828 -0.0020122 0.0111541 0.0146791 -0.00804687 0.00128878 0.0157483 
0 1 0 0 0 0 0 0 1 0 0 0 0 0 0 
0.01 0.999998 -0.000244426 0.00109883 0.00146999 -7.92422e-05 5.39263e-06 8.21322e-05 0.999998 -0.000244426 0.00109883 0.00146999 -7.92422e-05 5.39263e-06 8.21322e-05 
0.02 0.999993 -0.000496594 0.00219414 0.00294043 -0.00031646 2.04329e-05 0.0003199 0.999993 -0.000496594 0.00219414 0.00294043 -0.00031646 2.04329e-05 0.0003199 
0.03 0.999985 -0.00075647 0.00328581 0.00441133 -0.000710662 4.28844e-05 0.000696451 0.999985 -0.00075647 0.00328581 0.00441133 -0.000710662 4.28844e-05 0.000696451 
0.04 0.999973 -0.00102402 0.00437372 0.00588271 -0.0012609 7.0589e-05 0.00119575 0.999973 -0.00102402 0.00437372 0.00588271 -0.0012609 7.0589e-05 0.00119575 
0.05 0.999957 -0.00129921 0.00545773 0.00735459 -0.00196628 0.000101469 0.00180259 0.999957 -0.00129921 0.00545773 0.00735459 -0.00196628 0.000101469 0.00180259 
0.06 0.999938 -0.00158201 0.00653774 0.00882698 -0.00282595 0.000133526 0.00250262 0.999938 -0.00158201 0.00653774 0.00882698 -0.00282595 0.000133526 0.00250262 
0.07 0.999916 -0.00187238 0.00761361 0.0102999 -0.00383911 0.000164848 0.00328235 0.999916 -0.00187238 0.00761361 0.0102999 -0.00383911 0.000164848 0.00328235 
0.08 0.999891 -0.00217027 0.00868522 0.0117734 -0.00500501 0.000193603 0.00412916 0.999891 -0.00217027 0.00868522 0.0117734 -0.00500501 0.000193603 0.00412916 
0.09 0.999862 -0.00247565 0.00975246 0.0132474 -0.00632297 0.000218047 0.00503132 0.999862 -0.00247565 0.00975246 0.0132474 -0.00632297 0.000218047 0.00503132 
0.1 0.999829 -0.00278848 0.0108152 0.014722 -0.00779232 0.000236521 0.005978 0.999829 -0.00278848 0.0108152 0.014722 -0.00779232 0.000236521 0.005978 
0 1 0 0 0 0 0 0 1 0 0 0 0 0 0 
0.01 0.999998 -0.000320661 0.00105893 0.00147495 -7.56588e-05 -2.00891e-06 1.32873e-05 0.999998 -0.000320661 0.00105893 0.00147495 -7.56588e-05 -2.00891e-06 1.32873e-05 
0.02 0.999993 -0.000648772 0.00211327 0.00295047 -0.000302308 -8.73976e-06 4.88836e-05 0.999993 -0.000648772 0.00211327 0.00295047 -0.000302308 -8.73976e-06 4.88836e-05 
0.03 0.999985 -0.000984289 0.00316289 0.00442656 -0.000679327 -2.15577e-05 9.87245e-05 0.999985 -0.000984289 0.00316289 0.00442656 -0.000679327 -2.15577e-05 9.87245e-05 
0.04 0.999973 -0.00132717 0.00420769 0.00590325 -0.00120617 -4.17412e-05 0.000155682 0.999973 -0.00132717 0.00420769 0.00590325 -0.00120617 -4.17412e-05 0.000155682 
0.05 0.999958 -0.00167737 0.00524753 0.00738054 -0.00188236 -7.04816e-05 0.000213571 0.999958 -0.00167737 0.00524753 0.00738054 -0.00188236 -7.04816e-05 0.000213571 
0.06 0.999939 -0.00203485 0.00628231 0.00885845 -0.0027075 -0.000108883 0.000267157 0.999939 -0.00203485 0.00628231 0.00885845 -0.0027075 -0.000108883 0.000267157 
0.07 0.999917 -0.00239955 0.0073119 0.010337 -0.00368125 -0.000157959 0.000312161 0.999917 -0.00239955 0.0073119 0.010337 -0.00368125 -0.000157959 0.000312161 
0.08 0.999892 -0.00277143 0.00833619 0.0118162 -0.00480337 -0.000218638 0.00034526 0.999892 -0.00277143 0.00833619 0.0118162 -0.00480337 -0.000218638 0.00034526 
0.09 0.999863 -0.00315045 0.00935506 0.013296 -0.00607366 -0.000291756 0.000364098 0.999863 -0.00315045 0.00935506 0.013296 -0.00607366 -0.000291756 0.000364098 
0.1 0.999831 -0.00353654 0.0103684 0.0147766 -0.00749203 -0.000378063 0.00036728 0.999831 -0.00353654 0.0103684 0.0147766 -0.00749203 -0.000378063 0.00036728 
0 1 0 0 0 0 0 0 1 0 0 0 0 0 0 
0.01 0.999998 -0.000393654 0.00100846 0.00148097 -7.40149e-05 -4.82678e-06 -9.60441e-06 0.999998 -0.000393654 0.00100846 0.00148097 -7.40149e-05 -4.82678e-06 -9.60441e-06 
0.02 0.999993 -0.000794389 0.00201131 0.00296259 -0.000296118 -1.95717e-05 -3.79089e-05 0.999993 -0.000794389 0.00201131 0.00296259 -0.000296118 -1.95717e-05 -3.79089e-05 
0.03 0.999985 -0.00120216 0.00300841 0.00444489 -0.000666469 -4.47213e-05 -8.34137e-05 0.999985 -0.00120216 0.00300841 0.00444489 -0.000666469 -4.47213e-05 -8.34137e-05 
0.04 0.999973 -0.0016169 0.00399967 0.00592785 -0.00118532 -8.06774e-05 -0.000143655 0.999973 -0.0016169 0.00399967 0.00592785 -0.00118532 -8.06774e-05 -0.000143655 
0.05 0.999958 -0.00203857 0.00498496 0.00741151 -0.00185302 -0.000127757 -0.000215208 0.999958 -0.00203857 0.00498496 0.00741151 -0.00185302 -0.000127757 -0.000215208 
0.06 0.99994 -0.00246711 0.00596418 0.00889587 -0.00267001 -0.000186193 -0.00029369 0.99994 -0.00246711 0.00596418 0.00889587 -0.00267001 -0.000186193 -0.00029369 
0.07 0.999918 -0.00290247 0.00693722 0.0103809 -0.0036368 -0.000256134 -0.000373764 0.999918 -0.00290247 0.00693722 0.0103809 -0.0036368 -0.000256134 -0.000373764 
0.08 0.999893 -0.00334459 0.00790396 0.0118667 -0.00475402 -0.000337644 -0.000449144 0.999893 -0.00334459 0.00790396 0.0118667 -0.00475402 -0.000337644 -0.000449144 
0.09 0.999864 -0.00379341 0.0088643 0.0133533 -0.00602236 -0.000430707 -0.000512602 0.999864 -0.00379341 0.0088643 0.0133533 -0.00602236 -0.000430707 -0.000512602 
0.1 0.999833 -0.00424887 0.00981813 0.0148406 -0.00744263 -0.000535221 -0.000555976 0.999833 -0.00424887 0.00981813 0.0148406 -0.00744263 -0.000535221 -0.000555976 
0 1 0 0 0 0 0 0 1 0 0 0 0 0 0 
0.01 0.999998 -0.000462671 0.000947928 0.00148779 -7.7087e-05 -3.43502e-06 1.5428e-05 0.999998 -0.000462671 0.000947928 0.00148779 -7.7087e-05 -3.43502e-06 1.5428e-05 
0.02 0.999993 -0.000931986 0.00188926 0.0029763 -0.000308953 -1.36164e-05 6.69353e-05 0.999993 -0.000931986 0.00188926 0.0029763 -0.000308953 -1.36164e-05 6.69353e-05 
0.03 0.999985 -0.00140789 0.00282388 0.00446555 -0.00069686 -3.02592e-05 0.000165419 0.999985 -0.00140789 0.00282388 0.00446555 -0.00069686 -3.02592e-05 0.000165419 
0.04 0.999973 -0.00189031 0.00375169 0.00595553 -0.00124217 -5.30044e-05 0.000322675 0.999973 -0.00189031 0.00375169 0.00595553 -0.00124217 -5.30044e-05 0.000322675 
0.05 0.999959 -0.0023792 0.00467259 0.00744626 -0.00194634 -8.14195e-05 0.000551381 0.999959 -0.0023792 0.00467259 0.00744626 -0.00194634 -8.14195e-05 0.000551381 
0.06 0.99994 -0.00287448 0.00558646 0.00893775 -0.00281093 -0.000115 0.000865089 0.99994 -0.00287448 0.00558646 0.00893775 -0.00281093 -0.000115 0.000865089 
0.07 0.999919 -0.0033761 0.00649321 0.01043 -0.0038376 -0.000153169 0.00127821 0.999919 -0.0033761 0.00649321 0.01043 -0.0038376 -0.000153169 0.00127821 
0.08 0.999894 -0.00388399 0.00739274 0.011923 -0.00502809 -0.000195282 0.00180601 0.999894 -0.00388399 0.00739274 0.011923 -0.00502809 -0.000195282 0.00180601 
0.09 0.999866 -0.00439809 0.00828494 0.0134169 -0.00638425 -0.000240624 0.00246456 0.999866 -0.00439809 0.00828494 0.0134169 -0.00638425 -0.000240624 0.00246456 
0.1 0.999835 -0.00491833 0.00916971 0.0149115 -0.00790801 -0.000288411 0.00327077 0.999835 -0.00491833 0.00916971 0.0149115 -0.00790801 -0.000288411 0.00327077 
0 1 0 0 0 0 0 0 1 0 0 0 0 0 0 
0.01 0.999998 -0.000527024 0.000877906 0.00149516 -8.69055e-05 1.13991e-06 8.56251e-05 0.999998 -0.000527024 0.000877906 0.00149516 -8.69055e-05 1.13991e-06 8.56251e-05 
0.02 0.999993 -0.00106019 0.0017483 0.00299107 -0.000348858 4.97396e-06 0.000351916 0.999993 -0.00106019 0.0017483 0.00299107 -0.000348858 4.97396e-06 0.000351916 
0.03 0.999985 -0.00159943 0.00261109 0.00448775 -0.000788379 1.23597e-05 0.000818079 0.999985 -0.00159943 0.00261109 0.00448775 -0.000788379 1.23597e-05 0.000818079 
0.04 0.999974 -0.00214467 0.00346617 0.0059852 -0.00140808 2.42115e-05 0.00150406 0.999974 -0.00214467 0.00346617 0.0059852 -0.00140808 2.42115e-05 0.00150406 
0.05 0.999959 -0.00269585 0.00431345 0.00748344 -0.00221068 4.14995e-05 0.00243054 0.999959 -0.00269585 0.00431345 0.00748344 -0.00221068 4.14995e-05 0.00243054 
0.06 0.999941 -0.00325289 0.00515283 0.00898245 -0.00319896 6.52475e-05 0.00361889 0.999941 -0.00325289 0.00515283 0.00898245 -0.00319896 6.52475e-05 0.00361889 
0.07 0.99992 -0.00381572 0.00598422 0.0104823 -0.00437582 9.65319e-05 0.00509115 0.99992 -0.00381572 0.00598422 0.0104823 -0.00437582 9.65319e-05 0.00509115 
0.08 0.999895 -0.00438428 0.00680752 0.0119829 -0.00574422 0.000136479 0.00687005 0.999895 -0.00438428 0.00680752 0.0119829 -0.00574422 0.000136479 0.00687005 
0.09 0.999868 -0.00495849 0.00762265 0.0134843 -0.00730722 0.000186266 0.00897894 0.999868 -0.00495849 0.00762265 0.0134843 -0.00730722 0.000186266 0.00897894 
0.1 0.999837 -0.00553827 0.0084295 0.0149865 -0.00906793 0.000247115 0.0114418 0.999837 -0.00553827 0.0084295 0.0149865 -0.00906793 0.000247115 0.0114418 
0 1 0 0 0 0 0 0 1 0 0 0 0 0 0 
0.01 0.999998 -0.000586079 0.000799094 0.00150277 -0.000104346 7.41373e-06 0.000193807 0.999998 -0.000586079 0.000799094 0.00150277 -0.000104346 7.41373e-06 0.000193807 
0.02 0.999994 -0.00117773 0.00158984 0.0030063 -0.000419236 3.02336e-05 0.000787905 0.999994 -0.00117773 0.00158984 0.0030063 -0.000419236 3.02336e-05 0.000787905 
0.03 0.999985 -0.00177489 0.00237215 0.0045106 -0.000948408 6.96353e-05 0.00180791 0.999985 -0.00177489 0.00237215 0.0045106 -0.000948408 6.96353e-05 0.00180791 
0.039999 0.999974 -0.00237741 0.00314586 0.00601552 -0.00169559 0.000126824 0.00327979 0.999974 -0.00237741 0.00314586 0.00601552 -0.00169559 0.000126824 0.00327979 
0.049999 0.99996 -0.00298534 0.00391103 0.00752137 -0.00266481 0.000203058 0.00523045 0.99996 -0.00298534 0.00391103 0.00752137 -0.00266481 0.000203058 0.00523045 
0.059999 0.999942 -0.00359855 0.00466751 0.00902801 -0.00385995 0.00029961 0.00768686 0.999942 -0.00359855 0.00466751 0.00902801 -0.00385995 0.00029961 0.00768686 
0.069999 0.999921 -0.00421694 0.00541521 0.0105354 -0.00528503 0.000417791 0.0106765 0.999921 -0.00421694 0.00541521 0.0105354 -0.00528503 0.000417791 0.0106765 
0.079999 0.999897 -0.00484045 0.00615403 0.0120436 -0.0069441 0.000558937 0.0142274 0.999897 -0.00484045 0.00615403 0.0120436 -0.0069441 0.000558937 0.0142274 
0.089999 0.99987 -0.005469 0.00688391 0.0135526 -0.0088413 0.000724414 0.0183678 0.99987 -0.005469 0.00688391 0.0135526 -0.0088413 0.000724414 0.0183678 
0.099999 0.999839 -0.0061025 0.00760475 0.0150624 -0.0109808 0.000915612 0.0231264 0.999839 -0.0061025 0.00760475 0.0150624 -0.0109808 0.000915612 0.0231264 
0.01 0.999998 -0.000639246 0.000712266 0.00151032 -0.000128916 1.37091e-05 0.000329117 0.999998 -0.000639246 0.000712266 0.00151032 -0.000128916 1.37091e-05 0.000329117 
0.02 0.999994 -0.00128345 0.00141543 0.00302138 -0.000518005 5.54461e-05 0.00133116 0.999994 -0.00128345 0.00141543 0.00302138 -0.000518005 5.54461e-05 0.00133116 
0.03 0.999986 -0.00193253 0.00210941 0.00453318 -0.00117197 0.000126439 0.00303563 0.999986 -0.00193253 0.00210941 0.00453318 -0.00117197 0.000126439 0.00303563 
0.04 0.999974 -0.00258641 0.00279414 0.00604573 -0.00209556 0.000227929 0.00547228 0.999974 -0.00258641 0.00279414 0.00604573 -0.00209556 0.000227929 0.00547228 
0.05 0.99996 -0.003245 0.00346953 0.00755903 -0.00329353 0.000361173 0.00867107 0.99996 -0.003245 0.00346953 0.00755903 -0.00329353 0.000361173 0.00867107 
0.06 0.999943 -0.00390821 0.00413551 0.00907308 -0.0047707 0.000527439 0.0126621 0.999943 -0.00390821 0.00413551 0.00907308 -0.0047707 0.000527439 0.0126621 
0.07 0.999922 -0.00457596 0.004792 0.0105879 -0.00653187 0.000728001 0.0174757 0.999922 -0.00457596 0.004792 0.0105879 -0.00653187 0.000728001 0.0174757 
0.08 0.999898 -0.00524818 0.00543892 0.0121034 -0.00858189 0.000964146 0.0231423 0.999898 -0.00524818 0.00543892 0.0121034 -0.00858189 0.000964146 0.0231423 
0.09 0.999871 -0.00592477 0.00607622 0.0136197 -0.0109256 0.00123716 0.0296923 0.999871 -0.00592477 0.00607622 0.0136197 -0.0109256 0.00123716 0.0296923 
0.1 0.999841 -0.00660565 0.00670381 0.0151367 -0.0135679 0.00154834 0.0371564 0.999841 -0.00660565 0.00670381 0.0151367 -0.0135679 0.00154834 0.0371564 
0.010001 0.999998 -0.000686083 0.000618343 0.00151766 -0.000158799 1.8448e-05 0.000478212 0.999998 -0.000686083 0.000618343 0.00151766 -0.000158799 1.8448e-05 0.000478212 
0.020001 0.999994 -0.00137638 0.00122686 0.00303586 -0.000637749 7.43071e-05 0.00192792 0.999994 -0.00137638 0.00122686 0.00303586 -0.000637749 7.43071e-05 0.00192792 
0.030001 0.999986 -0.00207089 0.00182554 0.00455475 -0.00144208 0.000168621 0.00437963 0.999986 -0.00207089 0.00182554 0.00455475 -0.00144208 0.000168621 0.00437963 
0.040001 0.999975 -0.00276951 0.00241432 0.00607433 -0.00257701 0.000302431 0.00786379 0.999975 -0.00276951 0.00241432 0.00607433 -0.00257701 0.000302431 0.00786379 
0.050001 0.999961 -0.00347216 0.00299314 0.0075946 -0.00404774 0.000476773 0.0124108 0.999961 -0.00347216 0.00299314 0.0075946 -0.00404774 0.000476773 0.0124108 
0.060001 0.999943 -0.00417874 0.00356192 0.00911555 -0.00585944 0.000692677 0.0180508 0.999943 -0.00417874 0.00356192 0.00911555 -0.00585944 0.000692677 0.0180508 
0.070001 0.999923 -0.00488918 0.00412061 0.0106372 -0.00801727 0.000951164 0.0248139 0.999923 -0.00488918 0.00412061 0.0106372 -0.00801727 0.000951164 0.0248139 
0.080001 0.999899 -0.00560338 0.00466913 0.0121595 -0.0105263 0.00125325 0.0327301 0.999899 -0.00560338 0.00466913 0.0121595 -0.0105263 0.00125325 0.0327301 
0.090001 0.999873 -0.00632124 0.00520744 0.0136825 -0.0133918 0.00159993 0.041829 0.999873 -0.00632124 0.00520744 0.0136825 -0.0133918 0.00159993 0.041829 
0.100001 0.999843 -0.00704269 0.00573546 0.0152061 -0.0166185 0.00199219 0.0521401 0.999843 -0.00704269 0.00573546 0.0152061 -0.0166185 0.00199219 0.0521401 
0 1 0 0 0 0 0 0 1 0 0 0 0 0 0 
0.01 0.999998 -0.000725921 0.000518079 0.00152406 -0.00019095 2.03971e-05 0.000626115 0.999998 -0.000725921 0.000518079 0.00152406 -0.00019095 2.03971e-05 0.000626115 
0.02 0.999994 -0.00145542 0.00102583 0.00304872 -0.000766408 8.19382e-05 0.00251881 0.999994 -0.00145542 0.00102583 0.00304872 -0.000766408 8.19382e-05 0.00251881 
0.03 0.999986 -0.00218841 0.00152319 0.004574 -0.00173156 0.000185316 0.0057066 0.999986 -0.00218841 0.00152319 0.004574 -0.00173156 0.000185316 0.0057066 
0.04 0.999975 -0.0029248 0.0020101 0.00609989 -0.00309154 0.000331205 0.0102177 0.999975 -0.0029248 0.0020101 0.00609989 -0.00309154 0.000331205 0.0102177 
0.05 0.999961 -0.00366449 0.00248651 0.00762637 -0.00485138 0.000520267 0.0160798 0.999961 -0.00366449 0.00248651 0.00762637 -0.00485138 0.000520267 0.0160798 
0.06 0.999944 -0.00440738 0.00295237 0.00915344 -0.00701607 0.000753141 0.0233204 0.999944 -0.00440738 0.00295237 0.00915344 -0.00701607 0.000753141 0.0233204 
0.07 0.999924 -0.0051534 0.00340763 0.0106811 -0.00959051 0.00103045 0.0319664 0.999924 -0.0051534 0.00340763 0.0106811 -0.00959051 0.00103045 0.0319664 
0.08 0.999901 -0.00590244 0.00385223 0.0122093 -0.0125795 0.00135279 0.0420443 0.999901 -0.00590244 0.00385223 0.0122093 -0.0125795 0.00135279 0.0420443 
0.09 0.999874 -0.00665441 0.00428612 0.0137382 -0.0159878 0.00172075 0.0535801 0.999874 -0.00665441 0.00428612 0.0137382 -0.0159878 0.00172075 0.0535801 
0.1 0.999845 -0.00740922 0.00470926 0.0152676 -0.01982 0.00213487 0.0665993 0.999845 -0.00740922 0.00470926 0.0152676 -0.01982 0.00213487 0.0665993 
0 1 0 0 0 0 0 0 1 0 0 0 0 0 0 
0.01 0.999998 -0.000758581 0.000412657 0.0015297 -0.000221848 1.88999e-05 0.0007586 0.999998 -0.000758581 0.000412657 0.0015297 -0.000221848 1.88999e-05 0.0007586 
0.02 0.999994 -0.00152 0.000814519 0.0030599 -0.000889688 7.57363e-05 0.00304643 0.999994 -0.00152 0.000814519 0.0030599 -0.000889688 7.57363e-05 0.00304643 
0.03 0.999986 -0.00228416 0.00120554 0.00459061 -0.00200805 0.000170771 0.00688727 0.999986 -0.00228416 0.00120554 0.00459061 -0.00200805 0.000170771 0.00688727 
0.04 0.999975 -0.00305096 0.00158568 0.00612182 -0.00358136 0.000304246 0.0123043 0.999975 -0.00305096 0.00158568 0.00612182 -0.00358136 0.000304246 0.0123043 
0.05 0.999962 -0.00382031 0.00195489 0.00765351 -0.0056139 0.000476378 0.01932 0.999962 -0.00382031 0.00195489 0.00765351 -0.0056139 0.000476378 0.01932 
0.06 0.999945 -0.00459211 0.00231314 0.00918568 -0.00810985 0.000687361 0.0279562 0.999945 -0.00459211 0.00231314 0.00918568 -0.00810985 0.000687361 0.0279562 
0.07 0.999925 -0.00536628 0.00266038 0.0107183 -0.0110733 0.000937365 0.0382343 0.999925 -0.00536628 0.00266038 0.0107183 -0.0110733 0.000937365 0.0382343 
0.08 0.999902 -0.0061427 0.00299657 0.0122514 -0.014508 0.00122654 0.0501746 0.999902 -0.0061427 0.00299657 0.0122514 -0.014508 0.00122654 0.0501746 
0.09 0.999876 -0.00692128 0.00332167 0.013785 -0.0184179 0.00155499 0.0637969 0.999876 -0.00692128 0.00332167 0.013785 -0.0184179 0.00155499 0.0637969 
0.1 0.999846 -0.00770193 0.00363566 0.015319 -0.0228066 0.00192282 0.0791203 0.999846 -0.00770193 0.00363566 0.015319 -0.0228066 0.00192282 0.0791203 
0 1 0 0 0 0 0 0 1 0 0 0 0 0 0 
0.01 0.999998 -0.000783681 0.000303075 0.0015342 -0.000247741 1.39359e-05 0.00086265 0.999998 -0.000783681 0.000303075 0.0015342 -0.000247741 1.39359e-05 0.00086265 
0.02 0.999994 -0.00156943 0.000595 0.00306879 -0.000992661 5.56745e-05 0.00345915 0.999994 -0.00156943 0.000595 0.00306879 -0.000992661 5.56745e-05 0.00345915 
0.03 0.999986 -0.00235714 0.000875744 0.00460376 -0.00223807 0.000125067 0.0078062 0.999986 -0.00235714 0.000875744 0.00460376 -0.00223807 0.000125067 0.0078062 
0.04 0.999976 -0.00314672 0.00114527 0.00613909 -0.00398713 0.000221943 0.0139197 0.999976 -0.00314672 0.00114527 0.00613909 -0.00398713 0.000221943 0.0139197 
0.05 0.999962 -0.00393807 0.00140356 0.00767479 -0.00624282 0.000346112 0.0218147 0.999962 -0.00393807 0.00140356 0.00767479 -0.00624282 0.000346112 0.0218147 
0.06 0.999945 -0.00473109 0.00165058 0.00921083 -0.00900797 0.000497358 0.0315055 0.999945 -0.00473109 0.00165058 0.00921083 -0.00900797 0.000497358 0.0315055 
0.07 0.999925 -0.00552568 0.00188629 0.0107472 -0.0122852 0.000675446 0.0430054 0.999925 -0.00552568 0.00188629 0.0107472 -0.0122852 0.000675446 0.0430054 
0.08 0.999902 -0.00632175 0.00211068 0.0122839 -0.0160771 0.000880115 0.056327 0.999902 -0.00632175 0.00211068 0.0122839 -0.0160771 0.000880115 0.056327 
0.09 0.999876 -0.00711919 0.00232372 0.013821 -0.0203859 0.00111108 0.0714819 0.999876 -0.00711919 0.00232372 0.013821 -0.0203859 0.00111108 0.0714819 
0.1 0.999848 -0.0079179 0.00252539 0.0153583 -0.0252138 0.00136804 0.0884809 0.999848 -0.0079179 0.00252539 0.0153583 -0.0252138 0.00136804 0.0884809 
0 1 0 0 0 0 0 0 1 0 0 0 0 0 0 
0.01 0.999998 -0.000800976 0.000190434 0.0015374 -0.000265386 6.12167e-06 0.000928139 0.999998 -0.000800976 0.000190434 0.0015374 -0.000265386 6.12167e-06 0.000928139 
0.02 0.999994 -0.00160323 0.000369477 0.00307504 -0.00106242 2.42628e-05 0.00371679 0.999994 -0.00160323 0.000369477 0.00307504 -0.00106242 2.42628e-05 0.00371679 
0.03 0.999986 -0.00240665 0.000537108 0.00461292 -0.00239276 5.39679e-05 0.00837398 0.999986 -0.00240665 0.000537108 0.00461292 -0.00239276 5.39679e-05 0.00837398 
0.04 0.999976 -0.00321115 0.00069331 0.00615103 -0.00425788 9.47659e-05 0.0149068 0.999976 -0.00321115 0.00069331 0.00615103 -0.00425788 9.47659e-05 0.0149068 
0.05 0.999962 -0.00401663 0.000838064 0.00768936 -0.00665906 0.00014617 0.0233214 0.999962 -0.00401663 0.000838064 0.00768936 -0.00665906 0.00014617 0.0233214 
0.06 0.999945 -0.00482297 0.000971355 0.00922789 -0.00959739 0.000207678 0.033623 0.999945 -0.00482297 0.000971355 0.00922789 -0.00959739 0.000207678 0.033623 
0.07 0.999926 -0.00563009 0.00109317 0.0107666 -0.0130738 0.000278772 0.0458159 0.999926 -0.00563009 0.00109317 0.0107666 -0.0130738 0.000278772 0.0458159 
0.08 0.999903 -0.00643788 0.00120349 0.0123055 -0.017089 0.000358918 0.0599035 0.999903 -0.00643788 0.00120349 0.0123055 -0.017089 0.000358918 0.0599035 
0.09 0.999877 -0.00724625 0.00130231 0.0138446 -0.0216434 0.000447565 0.0758881 0.999877 -0.00724625 0.00130231 0.0138446 -0.0216434 0.000447565 0.0758881 
0.1 0.999848 -0.00805508 0.00138962 0.0153839 -0.0267375 0.000544148 0.0937711 0.999848 -0.00805508 0.00138962 0.0153839 -0.0267375 0.000544148 0.0937711 
0 1 0 0 0 0 0 0 1 0 0 0 0 0 0 
0.01 0.999998 -0.000810309 7.58704e-05 0.00153915 -0.000272533 -3.41698e-06 0.000948714 0.999998 -0.000810309 7.58704e-05 0.00153915 -0.000272533 -3.41698e-06 0.000948714 
0.02 0.999994 -0.00162109 0.000140222 0.0030784 -0.00109007 -1.39653e-05 0.00379437 0.999994 -0.00162109 0.000140222 0.0030784 -0.00109007 -1.39653e-05 0.00379437 
0.03 0.999986 -0.00243224 0.000193048 0.00461774 -0.00245237 -3.22431e-05 0.00853554 0.999986 -0.00243224 0.000193048 0.00461774 -0.00245237 -3.22431e-05 0.00853554 
0.04 0.999976 -0.00324365 0.000234343 0.00615715 -0.00435902 -5.88548e-05 0.0151698 0.999976 -0.00324365 0.000234343 0.00615715 -0.00435902 -5.88548e-05 0.0151698 
0.05 0.999962 -0.00405524 0.000264102 0.00769662 -0.00680939 -9.44117e-05 0.0236939 0.999962 -0.00405524 0.000264102 0.00769662 -0.00680939 -9.44117e-05 0.0236939 
0.06 0.999945 -0.00486689 0.000282323 0.00923615 -0.00980268 -0.000139531 0.0341034 0.999945 -0.00486689 0.000282323 0.00923615 -0.00980268 -0.000139531 0.0341034 
0.07 0.999926 -0.00567851 0.000289004 0.0107757 -0.0133379 -0.000194838 0.0463932 0.999926 -0.00567851 0.000289004 0.0107757 -0.0133379 -0.000194838 0.0463932 
0.08 0.999903 -0.00649 0.000284146 0.0123153 -0.0174138 -0.000260961 0.0605571 0.999903 -0.00649 0.000284146 0.0123153 -0.0174138 -0.000260961 0.0605571 
0.09 0.999877 -0.00730125 0.000267751 0.013855 -0.0220291 -0.000338539 0.0765879 0.999877 -0.00730125 0.000267751 0.013855 -0.0220291 -0.000338539 0.0765879 
0.1 0.999849 -0.00811216 0.00023982 0.0153946 -0.0271821 -0.000428213 0.0944778 0.999849 -0.00811216 0.00023982 0.0153946 -0.0271821 -0.000428213 0.0944778 
